22910600
27290801
29910430
29910410
29910420
29910400
27290220
27912400
27971601
27971410
17910250
17910510
27914400
22291400
27913520
22915910
S2791400
27913211
29910450
29910451
29910460
29910461
27913535
27911800
27914505
27914524
38003701
38003601
25911400
25911401
25911230
20914300
25913230
25910320
25650841
25910940
25913510
20911701
S2091250
20910521
20917500
25911120
25911920
25911913
25913210
25911910
25650860
25913500
25912500
25911970
21631980
22600602
25601010
20600300
25650220
22601900
20630110
20600900
11630430
21631901
11630440
21631501
22650601
20600070
21631801
S2160020
25600100
25600800
27600010
22503053
25651300
25651100
25600710
25600700
S2063061
21631660
21650300
21631711
21150306
21630710
21150301
21631300
11630100
25630410
20502110
21631000
21630910
21630400
21630100
21630110
23630310
23600300
23600400
22601000
22601026
27150210
11910200
22503204
25910911
22910800
21985800
20601200
22501101
22501110
22922800
22991000
22991201
21601232
21601726
22991200
11790400
21603503
21601440
20990900
21603506
21601760
11501221
27914200
22630100
25690310
21600700
21151410
21601809
21603000
21151420
21980622
21501815
27922114
17900542
17900540
10920110
22926300
10920120
27490611
21460020
11920900
12920771
22570800
12920430
27921317
27923622
12900520
27921900
17920420
17920601
27920300
17921700
s0000106
12920763
22923341
12920770
12920500
12920409
22923311
12920632
12920530
22923039
22923151
12920762
S2792330
27920901
11920000
22600071
12910000
22923310
22924001
22990223
22630210
22990220
22600105
22600700
22500800
12900200
22503120
22600091
22601010
25601111
22491100
27916701
29260000
27910410
22916510
20913200
25710200
25440810
25650301
21690600
25912100
25601100
20914500
11900600
21910700
20913810
12500200
11901500
11901900
11901200
17900210
21690710
11901001
21690500
20690100
11901002
17900340
11900110
21501630
11901810
11900610
11900300
11900310
11901800
17900300
17900330
12900731
27650000
10500400
22913400
11501801
11506510
11880400
17900301
11501204
11880411
11501201
11880414
S1050040
10500440
22660401
27520000
10790000
10500401
10503000
10900330
10900700
21600500
21600506
s1880400
10900300
11903516
11903611
11903200
11903500
11750021
11903311
11900201
11880602
27761030
27910600
27972100
27972010
27972020
27972110
22600025
22600106
25420500
25460000
25490300
25490800
25490521
11940400
22490300
10400720
17440100
20420630
22490310
11400310
11401603
11440900
11400600
21490208
11441012
11402302
11400311
21490605
11941115
21490602
11150710
21490701
11140000
20491505
20491810
25491300
25410310
20491200
20491700
11402500
11420200
11400902
11401700
11402010
11440500
11402630
21460000
11940420
11940940
25493400
25491160
11490600
12420002
22490430
11401101
17400000
11410008
21494400
20420920
20492931
20494950
11410001
10401002
25491740
10401012
10401015
20490300
22460220
10401520
25490501
25490100
25490000
27490400
10401802
27490050
25460100
25491200
25460110
25460101
25491730
25491210
27490030
27490090
27490010
27490011
27490209
22600800
22600020
22150000
22390813
22390880
25390000
11130000
20390700
10380100
11821010
21360300
11821400
20360210
11820430
22820200
11820520
21380003
12390001
21390500
21391200
20390900
11821000
11390100
21915100
11130210
11222711
21390904
11820001
21390600
20490200
20360920
20391970
22360430
11820511
21391301
11820900
11820521
11820401
25390200
11130005
11630310
11820518
11820700
11820432
11821212
11820701
25820100
20820100
22360110
21491500
21490803
22360500
11820000
11821550
22820100
25980100
25990810
25990800
20360910
20910300
20290920
20982000
11790610
11300000
11591000
11881500
11930001
10880100
21441201
20980520
21601231
25980700
25911600
25981000
25915900
25990400
21982500
20980110
21980300
11740421
20150100
25750150
21790110
10510411
20980200
21510021
11710000
25660100
11510300
21981400
21601400
25690230
21911430
21980332
21982921
10901100
22600400
21603600
21151012
21601430
11940610
20982251
25990610
10502800
10880321
20981405
20980601
21910910
11502400
20981400
11500210
11502910
20991300
21982400
21980800
21150010
20150331
21601216
10900200
21510110
21600450
11904003
10900030
11903110
11903404
21750010
11902201
11503500
28971921
11440000
25990001
11503210
11503200
11503600
11760900
21982401
25980600
20856330
20263800
21511000
25690000
20390105
25990011
21601431
20250215
20982500
21220150
11600000
21600600
20602200
21601500
25492900
25600902
20390110
25600901
12900712
11881900
17910800
10880800
25980300
21151120
22980300
11080411
11440600
10401401
10490100
11140400
11400301
21440500
11940810
11401310
20490500
22360601
11941200
10490301
11440400
25651130
20442600
20442420
21442000
25420000
21151008
21442027
21441302
11442410
10440600
11442500
11442590
25980200
27460311
27490700
22440120
22441310
10401530
17400201
14400200
12420003
25490010
21491800
25490700
21440200
11903901
20444200
21441602
10440210
11420003
10400710
10400910
11400040
10400005
20400901
11404201
21445561
20460210
22492600
S2042170
10401102
10400103
10440400
21490520
22420202
12400001
25851708
25850100
21850301
11852000
11902222
25853501
25851810
20853010
25851801
21853400
25851770
25851730
20853710
22852020
25492610
10401100
27914421
22854500
25850920
22852015
21850810
11842031
10840500
S2185058
20850100
22291100
25851634
27850710
25851750
25851740
25851911
28980710
28980800
23690000
21852110
28980910
28980920
28981000
52412610
28971710
28981001
28981003
28971920
28970600
28971930
52410110
28980510
52410100
52501300
52412510
24970310
25851771
24970201
24970211
28971310
28972101
28971340
28971312
28971320
28971322
28971330
28971332
23980401
28971500
28970732
28970730
28970734
28970110
28970120
28970520
28970220
28970130
28970502
28971352
28970503
24970400
24970213
52413710
52413420
52413910
52411103
52411121
S5241120
52412400
52411300
52412652
52411190
52412659
52413310
52410320
52410330
52410302
52413320
52410310
52414300
22680100
22680110
22680102
52410620
52410630
52410640
52410600
52411901
52460143
52460100
52460110
52410610
18490014
18490002
18490004
18490015
18660811
18661200
18660900
18661000
11660010
11660000
18660202
18990100
18660700
18660100
18660800
11760300
21220320
11240401
11221950
11221940
11220260
10241200
21240900
20261300
21261521
10280200
10220400
11222000
11240000
11220100
11220110
11200530
10221300
10223500
11200200
11220410
11220412
20261900
11260061
21261434
10221310
25260100
11280201
25260110
20260100
11221920
25990510
17300000
25260000
20260800
20263400
20260101
21240010
20240400
11223000
11223401
20261410
11201300
11230000
11200500
10241100
20261600
20990710
10241910
11280050
20263300
21261513
22210000
11240710
11240700
11940500
11201301
11222810
11210030
11210020
11222200
11220200
20262730
11221500
11221020
10300000
11220250
11210332
11221200
11222103
10200200
11790200
11221300
25260420
11210040
11220204
11221411
11240460
11930100
20260205
11220921
11221310
20260300
21261411
11220401
10280202
11221910
21260190
11350200
11200563
11221440
11220510
11240451
11220520
11220500
11940502
25609000
11260002
11220304
11200701
11360500
11180200
11250200
11260052
11220700
11250210
11730101
11810203
11200104
11800101
11360600
11200801
11810300
11223110
11220803
11221100
11281110
25260700
20280200
10940101
21260152
25240100
21220300
11220610
11901700
21260115
11520001
11200540
11800701
11222901
11281311
11200310
11360402
11221001
22590610
11570300
22590700
22591810
20570110
21592500
11570501
20590800
11593010
20591910
11560431
20502500
20500540
22505100
11506000
21501000
11501900
20151521
10500653
10500560
22500302
25500200
21500200
21500203
21501405
21501414
21501421
10500601
21501412
21501610
20500300
11500700
20600810
10500690
10500631
20500701
10500609
22500810
21503480
21590701
21590520
11560214
20570106
11880200
11570203
22590630
20570100
11560110
22590321
25590403
25590000
27593400
27593222
27593419
27591520
21593950
27591600
25590100
25590700
27590200
27591500
10501300
11501400
10500700
11504700
11500000
11502721
17590400
11505100
11503000
20600800
22500356
22500300
22990510
27500020
27500800
27150002
21990020
27150010
27500300
27150000
27500035
22502000
27600130
27150213
27591200
27590220
27593440
22501900
27592310
27592956
27594500
27594300
27590700
27590210
27591010
27590302
27590451
27590260
27592000
27592205
27592211
27592906
17560601
27593420
27590240
14681810
14682501
14690900
14600400
14600000
18690110
13653801
13650401
27590800
23650500
13920110
13650500
23650600
13652610
13650550
13653810
13603600
13653820
13650011
14683400
13653300
13654000
14683710
14682930
14682920
14670601
14670610
14691900
14683000
14690030
14690000
14690020
18125000
23650601
14690510
13652100
14680817
14680801
28600100
14681826
23650304
23650311
13652211
13600601
13651150
23650302
14681710
14680803
14681210
14500200
24490400
14681400
14670600
14690401
14683103
14680851
24490600
14490000
14690810
14682510
18680400
14690100
13653000
24680500
14691202
24680100
14682900
14681300
14683100
14670800
29680000
14691000
14660200
14680300
S1185042
14680902
14682200
14681610
11850430
14681800
14682410
24690210
28851160
28851150
28851900
18680300
18120002
28680300
18680700
28851621
18681510
28680200
18670100
12680000
28680100
11850123
11850105
14851321
14851300
14851310
11851200
14851003
10120610
11850310
24490200
24490800
51460910
14850711
24490500
14920100
18660610
51460900
18120013
18120012
24851501
52412700
S1485050
52400200
52414260
52414870
29991000
13601820
13601700
13602504
13601702
13650421
13602211
13602513
13601801
13654020
13650910
13602540
13601108
24660120
14670500
14670510
24660010
13601507
13650600
14600200
14600100
13650610
13601010
13600502
13600500
13601000
25630200
14670201
14671300
14690700
24690900
24660000
14680701
21850050
11850100
24850010
20852800
20852805
29490100
24491500
24491200
28970710
28970720
18691420
28970320
28971600
28971620
18660410
28970400
23980440
13601101
29690100
18660320
18660520
18691500
14670900
52500200
17630200
24690700
14670700
14681101
14690200
28981801
28971910
28850330
28850230
18660400
18661100
18990301
11502111
11502100
20500400
20500410
21500502
21501700
22591602
11130100
25590101
21570042
S2159181
S2159173
22924420
21920290
22926500
22922301
22920112
S2285330
20854801
21851485
S2285071
S2085012
11840601
11841040
11841010
11840000
10808011
11800800
11850520
11841200
11800210
25600000
25600200
21650020
21151300
21650200
21650600
25630300
21651700
22630000
10630060
10631221
22650020
10630008
20851000
20851653
20852000
27852410
21853800
27854301
11850811
21852600
21852500
21852126
20852460
21851405
20850910
20851110
20855700
22920000
22922000
22921410
11580820
27922800
10560100
11580810
13580600
13580111
11570100
21592405
10580300
20591800
20150800
29000020
17560620
11580206
17560510
13920500
25920100
22923800
22590002
22850720
25590220
27853900
20855380
11570601
20851980
11570600
25852100
11580005
21852700
21852000
21851491
22501010
21632400
10631200
21650401
20851320
20170500
20855400
20855010
21851340
22360172
22850300
20850300
22851901
25852201
25851410
22851310
22924240
27504171
17590500
27924200
27593600
17570300
27570000
29000000
20856700
